# BLOSUM45 substitution matrix
      A    B    C    D    E     F    G    H    I    K     L    M    N    P    Q     R    S    T    V    W     X    Y    Z
A     5   -1   -1   -2   -1    -2    0   -2   -1   -1    -1   -1   -1   -1   -1    -2    1    0    0   -2     0   -2   -1
B    -1    4   -2    5    1    -3   -1    0   -3    0    -3   -2    4   -2    0    -1    0    0   -3   -4    -1   -2    2
C    -1   -2   12   -3   -3    -2   -3   -3   -3   -3    -2   -2   -2   -4   -3    -3   -1   -1   -1   -5    -2   -3   -3
D    -2    5   -3    7    2    -4   -1    0   -4    0    -3   -3    2   -1    0    -1    0   -1   -3   -4    -1   -2    1
E    -1    1   -3    2    6    -3   -2    0   -3    1    -2   -2    0    0    2     0    0   -1   -3   -3    -1   -2    4
F    -2   -3   -2   -4   -3     8   -3   -2    0   -3     1    0   -2   -3   -4    -2   -2   -1    0    1    -1    3   -3
G     0   -1   -3   -1   -2    -3    7   -2   -4   -2    -3   -2    0   -2   -2    -2    0   -2   -3   -2    -1   -3   -2
H    -2    0   -3    0    0    -2   -2   10   -3   -1    -2    0    1   -2    1     0   -1   -2   -3   -3    -1    2    0
I    -1   -3   -3   -4   -3     0   -4   -3    5   -3     2    2   -2   -2   -2    -3   -2   -1    3   -2    -1    0   -3
K    -1    0   -3    0    1    -3   -2   -1   -3    5    -3   -1    0   -1    1     3   -1   -1   -2   -2    -1   -1    1
L    -1   -3   -2   -3   -2     1   -3   -2    2   -3     5    2   -3   -3   -2    -2   -3   -1    1   -2    -1    0   -2
M    -1   -2   -2   -3   -2     0   -2    0    2   -1     2    6   -2   -2    0    -1   -2   -1    1   -2    -1    0   -1
N    -1    4   -2    2    0    -2    0    1   -2    0    -3   -2    6   -2    0     0    1    0   -3   -4    -1   -2    0
P    -1   -2   -4   -1    0    -3   -2   -2   -2   -1    -3   -2   -2    9   -1    -2   -1   -1   -3   -3    -1   -3   -1
Q    -1    0   -3    0    2    -4   -2    1   -2    1    -2    0    0   -1    6     1    0   -1   -3   -2    -1   -1    4
R    -2   -1   -3   -1    0    -2   -2    0   -3    3    -2   -1    0   -2    1     7   -1   -1   -2   -2    -1   -1    0
S     1    0   -1    0    0    -2    0   -1   -2   -1    -3   -2    1   -1    0    -1    4    2   -1   -4     0   -2    0
T     0    0   -1   -1   -1    -1   -2   -2   -1   -1    -1   -1    0   -1   -1    -1    2    5    0   -3     0   -1   -1
V     0   -3   -1   -3   -3     0   -3   -3    3   -2     1    1   -3   -3   -3    -2   -1    0    5   -3    -1   -1   -3
W    -2   -4   -5   -4   -3     1   -2   -3   -2   -2    -2   -2   -4   -3   -2    -2   -4   -3   -3   15    -2    3   -2
X     0   -1   -2   -1   -1    -1   -1   -1   -1   -1    -1   -1   -1   -1   -1    -1    0    0   -1   -2    -1   -1   -1
Y    -2   -2   -3   -2   -2     3   -3    2    0   -1     0    0   -2   -3   -1    -1   -2   -1   -1    3    -1    8   -2
Z    -1    2   -3    1    4    -3   -2    0   -3    1    -2   -1    0   -1    4     0    0   -1   -3   -2    -1   -2    4
